[gd_scene load_steps=2 format=3 uid="uid://bglb26dkhrc52"]

[sub_resource type="GDScript" id="GDScript_vmewq"]
script/source = "extends Node3D

var data = {}

# Called when the node enters the scene tree for the first time.
func _ready():
	for skeleton in get_children():
		print(skeleton.name)
		data[skeleton.name] = []
		for bone_id in skeleton.get_bone_count():
			var bone_pos = skeleton.get_bone_rest(bone_id)
			var bone_json = Utils.transform3d_to_array(bone_pos)
			data[skeleton.name].append(bone_json)
#			print(bone_pos)
	Utils.save_json(\"res://skeleton.json\",data)

"

[node name="Skeleton_Library" type="Node3D"]
script = SubResource("GDScript_vmewq")

[node name="basis" type="Skeleton3D" parent="."]
bones/0/name = "mixamorig_Hips"
bones/0/parent = -1
bones/0/rest = Transform3D(0.999901, -0.0100109, 0.00991871, 0.0103713, 0.999262, -0.0369731, -0.00954126, 0.0370723, 0.999267, 0.001095, 0.911363, 0.026105)
bones/0/enabled = true
bones/0/position = Vector3(0.001095, 0.911363, 0.026105)
bones/0/rotation = Quaternion(0.018515, 0.00486595, 0.00509655, 0.999804)
bones/0/scale = Vector3(1, 1, 1)
bones/1/name = "mixamorig_LeftUpLeg"
bones/1/parent = 0
bones/1/rest = Transform3D(-0.988562, 0.102594, -0.110553, -0.111044, -0.991118, 0.0731787, -0.102064, 0.0846178, 0.991173, 0.108924, -0.0465777, -0.0110521)
bones/1/enabled = true
bones/1/position = Vector3(0.108924, -0.0465777, -0.0110521)
bones/1/rotation = Quaternion(0.053349, -0.0395936, -0.99635, 0.0536052)
bones/1/scale = Vector3(1, 1, 1)
bones/2/name = "mixamorig_LeftLeg"
bones/2/parent = 1
bones/2/rest = Transform3D(0.994976, -0.0354422, 0.0936265, 0.0221241, 0.989956, 0.139632, -0.097635, -0.136859, 0.985767, -1.44355e-08, 0.421278, -3.72529e-09)
bones/2/enabled = true
bones/2/position = Vector3(-1.44355e-08, 0.421278, -3.72529e-09)
bones/2/rotation = Quaternion(-0.0693774, 0.0479915, 0.0144446, 0.996331)
bones/2/scale = Vector3(1, 1, 1)
bones/3/name = "mixamorig_LeftFoot"
bones/3/parent = 2
bones/3/rest = Transform3D(0.992268, -0.0855579, 0.0899089, 0.110364, 0.276868, -0.954549, 0.0567764, 0.957092, 0.284169, 2.14059e-08, 0.381732, 0)
bones/3/enabled = true
bones/3/position = Vector3(2.14059e-08, 0.381732, 0)
bones/3/rotation = Quaternion(0.59817, 0.0103675, 0.0613058, 0.798953)
bones/3/scale = Vector3(1, 1, 1)
bones/4/name = "mixamorig_LeftToeBase"
bones/4/parent = 3
bones/4/rest = Transform3D(0.813777, -0.198143, -0.546358, -0.0303545, 0.924314, -0.380425, 0.580384, 0.326165, 0.746171, 1.86265e-09, 0.15014, -8.09086e-09)
bones/4/enabled = true
bones/4/position = Vector3(1.86265e-09, 0.15014, -8.09086e-09)
bones/4/rotation = Quaternion(0.18927, -0.301814, 0.0449445, 0.933309)
bones/4/scale = Vector3(1, 1, 1)
bones/5/name = "mixamorig_RightUpLeg"
bones/5/parent = 0
bones/5/rest = Transform3D(-0.987957, -0.124076, 0.0922941, 0.130831, -0.988848, 0.0711494, 0.0824363, 0.0823691, 0.99318, -0.111784, -0.044368, -0.0132414)
bones/5/enabled = true
bones/5/position = Vector3(-0.111784, -0.044368, -0.0132414)
bones/5/rotation = Quaternion(0.0438478, 0.0385244, 0.996244, 0.0639674)
bones/5/scale = Vector3(0.999986, 1, 0.999994)
bones/6/name = "mixamorig_RightLeg"
bones/6/parent = 5
bones/6/rest = Transform3D(0.994974, 0.0354468, -0.0936459, -0.0221259, 0.989956, 0.139633, 0.0976549, -0.13686, 0.985765, 4.88944e-09, 0.421278, 1.86265e-09)
bones/6/enabled = true
bones/6/position = Vector3(4.88944e-09, 0.421278, 1.86265e-09)
bones/6/rotation = Quaternion(-0.0693779, -0.0480014, -0.0144462, 0.99633)
bones/6/scale = Vector3(1, 1, 1)
bones/7/name = "mixamorig_RightFoot"
bones/7/parent = 6
bones/7/rest = Transform3D(0.883919, 0.0855483, -0.459748, -0.464356, 0.276862, -0.841261, 0.0553184, 0.957094, 0.284449, 1.95141e-08, 0.381733, -1.04774e-09)
bones/7/enabled = true
bones/7/position = Vector3(1.95141e-08, 0.381733, -1.04774e-09)
bones/7/rotation = Quaternion(0.575023, -0.164692, -0.175832, 0.781862)
bones/7/scale = Vector3(1, 1, 1)
bones/8/name = "mixamorig_RightToeBase"
bones/8/parent = 7
bones/8/rest = Transform3D(-0.669065, 0.307099, -0.676789, 0.040388, 0.924314, 0.379489, 0.742106, 0.226569, -0.630829, 8.3819e-09, 0.150141, 1.02445e-08)
bones/8/enabled = true
bones/8/position = Vector3(8.3819e-09, 0.150141, 1.02445e-08)
bones/8/rotation = Quaternion(-0.0967603, -0.897804, -0.168761, 0.395101)
bones/8/scale = Vector3(1, 1, 1)
bones/9/name = "mixamorig_Spine"
bones/9/parent = 0
bones/9/rest = Transform3D(0.999856, 0.00976102, -0.0138843, -0.0101032, 0.999642, -0.0247937, 0.0136373, 0.0249304, 0.999596, -5.23869e-10, 0.109381, -9.31323e-10)
bones/9/enabled = true
bones/9/position = Vector3(-5.23869e-10, 0.109381, -9.31323e-10)
bones/9/rotation = Quaternion(0.0124324, -0.00688117, -0.00496662, 0.999887)
bones/9/scale = Vector3(1, 1, 1)
bones/10/name = "mixamorig_Spine1"
bones/10/parent = 9
bones/10/rest = Transform3D(0.999993, -0.00143903, 0.00343038, 1.10595e-09, 0.922148, 0.386838, -0.00371999, -0.386835, 0.922141, 1.61534e-11, 0.10456, 3.72491e-09)
bones/10/enabled = true
bones/10/position = Vector3(1.61534e-11, 0.10456, 3.72491e-09)
bones/10/rotation = Quaternion(-0.197297, 0.00182344, 0.000366972, 0.980342)
bones/10/scale = Vector3(1, 1, 1)
bones/11/name = "mixamorig_Spine2"
bones/11/parent = 10
bones/11/rest = Transform3D(1, 2.1219e-10, -9.58406e-11, -2.32831e-10, 0.91135, -0.411632, 1.73472e-17, 0.411632, 0.91135, -3.70797e-17, 0.132979, 2.98023e-08)
bones/11/enabled = true
bones/11/position = Vector3(-3.70797e-17, 0.132979, 2.98023e-08)
bones/11/rotation = Quaternion(0.210535, -2.45095e-11, -1.13806e-10, 0.977586)
bones/11/scale = Vector3(1, 1, 1)
bones/12/name = "mixamorig_LeftShoulder"
bones/12/parent = 11
bones/12/rest = Transform3D(-0.285214, 0.908645, -0.304988, -0.121321, -0.349871, -0.928909, -0.950755, -0.227936, 0.210026, 0.066505, 0.132263, 0.0388829)
bones/12/enabled = true
bones/12/position = Vector3(0.066505, 0.132263, 0.0388829)
bones/12/rotation = Quaternion(0.462232, 0.425828, -0.679174, 0.379124)
bones/12/scale = Vector3(1, 1, 1)
bones/13/name = "mixamorig_LeftArm"
bones/13/parent = 12
bones/13/rest = Transform3D(0.784236, -0.148061, -0.602538, -0.228359, 0.834069, -0.502176, 0.576911, 0.53142, 0.620296, 3.72529e-09, 0.111383, 1.65426e-07)
bones/13/enabled = true
bones/13/position = Vector3(3.72529e-09, 0.111383, 1.65426e-07)
bones/13/rotation = Quaternion(0.287172, -0.327695, -0.02231, 0.899806)
bones/13/scale = Vector3(1, 1, 1)
bones/14/name = "mixamorig_LeftForeArm"
bones/14/parent = 13
bones/14/rest = Transform3D(0.778509, -0.53242, 0.332344, 0.627016, 0.683244, -0.374203, -0.0278393, 0.499705, 0.865748, -2.6077e-08, 0.227615, -1.49012e-08)
bones/14/enabled = true
bones/14/position = Vector3(-2.6077e-08, 0.227615, -1.49012e-08)
bones/14/rotation = Quaternion(0.239539, 0.0987267, 0.317803, 0.912072)
bones/14/scale = Vector3(1, 1, 1)
bones/15/name = "mixamorig_LeftHand"
bones/15/parent = 14
bones/15/rest = Transform3D(0.936444, 0.195006, -0.291624, -0.217654, 0.974893, -0.0470167, 0.275134, 0.107502, 0.955377, 1.67638e-08, 0.226315, -5.21541e-08)
bones/15/enabled = true
bones/15/position = Vector3(1.67638e-08, 0.226315, -5.21541e-08)
bones/15/rotation = Quaternion(0.0392898, -0.144111, -0.104928, 0.983198)
bones/15/scale = Vector3(1, 1, 1)
bones/16/name = "mixamorig_LeftHandIndex1"
bones/16/parent = 15
bones/16/rest = Transform3D(0.774813, -0.0632367, -0.629019, -0.158618, 0.943712, -0.290256, 0.611968, 0.324668, 0.72117, -0.0195561, 0.0923202, 0.0329748)
bones/16/enabled = true
bones/16/position = Vector3(-0.0195561, 0.0923202, 0.0329748)
bones/16/rotation = Quaternion(0.16578, -0.334563, -0.0257143, 0.927321)
bones/16/scale = Vector3(1, 1, 1)
bones/17/name = "mixamorig_LeftHandIndex2"
bones/17/parent = 16
bones/17/rest = Transform3D(0.892058, 0.185275, -0.412196, -0.136791, 0.98001, 0.144461, 0.430722, -0.0724829, 0.899569, -1.11759e-08, 0.0251998, 0)
bones/17/enabled = true
bones/17/position = Vector3(-1.11759e-08, 0.0251998, 0)
bones/17/rotation = Quaternion(-0.0558538, -0.217015, -0.0829183, 0.971035)
bones/17/scale = Vector3(1, 1, 1)
bones/18/name = "mixamorig_LeftHandIndex3"
bones/18/parent = 17
bones/18/rest = Transform3D(0.996922, 0.0286712, -0.0729629, -0.0273051, 0.999434, 0.0196529, 0.0734851, -0.0176002, 0.997141, -4.4005e-08, 0.0226367, -5.86733e-08)
bones/18/enabled = true
bones/18/position = Vector3(-4.4005e-08, 0.0226367, -5.86733e-08)
bones/18/rotation = Quaternion(-0.00932086, -0.0366418, -0.0140055, 0.999187)
bones/18/scale = Vector3(1, 1, 1)
bones/19/name = "mixamorig_LeftHandMiddle1"
bones/19/parent = 15
bones/19/rest = Transform3D(0.940544, 0.0492348, -0.336085, -0.0700469, 0.996286, -0.0500774, 0.332372, 0.0706417, 0.940499, -0.0047953, 0.0953586, 0.0134642)
bones/19/enabled = true
bones/19/position = Vector3(-0.0047953, 0.0953586, 0.0134642)
bones/19/rotation = Quaternion(0.0306535, -0.169737, -0.0302885, 0.984547)
bones/19/scale = Vector3(1, 1, 1)
bones/20/name = "mixamorig_LeftHandMiddle2"
bones/20/parent = 19
bones/20/rest = Transform3D(0.883516, 0.174001, -0.434883, -0.199623, 0.979779, -0.0135396, 0.423733, 0.098775, 0.900385, 6.70552e-08, 0.0318434, -1.49012e-08)
bones/20/enabled = true
bones/20/position = Vector3(6.70552e-08, 0.0318434, -1.49012e-08)
bones/20/rotation = Quaternion(0.0289468, -0.22129, -0.0962937, 0.97001)
bones/20/scale = Vector3(1, 1, 1)
bones/21/name = "mixamorig_LeftHandMiddle3"
bones/21/parent = 20
bones/21/rest = Transform3D(0.999669, -0.00697047, 0.0247588, 0.00633555, 0.999651, 0.0256306, -0.0249288, -0.0254653, 0.999365, -1.11759e-08, 0.0249745, 1.19209e-07)
bones/21/enabled = true
bones/21/position = Vector3(-1.11759e-08, 0.0249745, 1.19209e-07)
bones/21/rotation = Quaternion(-0.0127761, 0.0124239, 0.00332705, 0.999836)
bones/21/scale = Vector3(1, 1, 1)
bones/22/name = "mixamorig_LeftHandPinky1"
bones/22/parent = 15
bones/22/rest = Transform3D(0.824378, 0.304845, -0.47694, -0.249295, 0.952005, 0.177592, 0.508187, -0.0275043, 0.860808, 0.016829, 0.0856121, -0.0187286)
bones/22/enabled = true
bones/22/position = Vector3(0.016829, 0.0856121, -0.0187286)
bones/22/rotation = Quaternion(-0.0537706, -0.258273, -0.14528, 0.953571)
bones/22/scale = Vector3(1, 1, 1)
bones/23/name = "mixamorig_LeftHandPinky2"
bones/23/parent = 22
bones/23/rest = Transform3D(0.96805, 0.135762, -0.210826, -0.136152, 0.990606, 0.0127357, 0.210574, 0.0163756, 0.977441, 5.21541e-08, 0.0215191, -2.98023e-08)
bones/23/enabled = true
bones/23/position = Vector3(5.21541e-08, 0.0215191, -2.98023e-08)
bones/23/rotation = Quaternion(0.000917328, -0.106202, -0.0685282, 0.99198)
bones/23/scale = Vector3(1, 1, 1)
bones/24/name = "mixamorig_LeftHandPinky3"
bones/24/parent = 23
bones/24/rest = Transform3D(0.999432, 0.0226015, -0.0250128, -0.0217845, 0.999235, 0.0324654, 0.0257274, -0.0319021, 0.99916, 3.35276e-08, 0.0142034, -5.21541e-08)
bones/24/enabled = true
bones/24/position = Vector3(3.35276e-08, 0.0142034, -5.21541e-08)
bones/24/rotation = Quaternion(-0.0160962, -0.0126885, -0.0110995, 0.999728)
bones/24/scale = Vector3(1, 1, 1)
bones/25/name = "mixamorig_LeftHandRing1"
bones/25/parent = 15
bones/25/rest = Transform3D(0.961043, 0.130201, -0.243811, -0.108042, 0.988878, 0.102211, 0.254407, -0.0718877, 0.964422, 0.00482292, 0.0917999, -0.00377323)
bones/25/enabled = true
bones/25/position = Vector3(0.00482292, 0.0917999, -0.00377323)
bones/25/rotation = Quaternion(-0.0439984, -0.12591, -0.0602087, 0.989235)
bones/25/scale = Vector3(1, 1, 1)
bones/26/name = "mixamorig_LeftHandRing2"
bones/26/parent = 25
bones/26/rest = Transform3D(0.900434, 0.174034, -0.398661, -0.2117, 0.975944, -0.0521108, 0.380002, 0.131319, 0.915617, 6.70552e-08, 0.0281658, 2.98023e-08)
bones/26/enabled = true
bones/26/position = Vector3(6.70552e-08, 0.0281658, 2.98023e-08)
bones/26/rotation = Quaternion(0.0470984, -0.199934, -0.099043, 0.973652)
bones/26/scale = Vector3(1, 1, 1)
bones/27/name = "mixamorig_LeftHandRing3"
bones/27/parent = 26
bones/27/rest = Transform3D(0.999142, -0.0102465, 0.0401281, 0.00808533, 0.998527, 0.0536528, -0.0406188, -0.0532823, 0.997753, -6.70552e-08, 0.0236903, 7.45058e-08)
bones/27/enabled = true
bones/27/position = Vector3(-6.70552e-08, 0.0236903, 7.45058e-08)
bones/27/rotation = Quaternion(-0.0267491, 0.0201983, 0.00458558, 0.999428)
bones/27/scale = Vector3(1, 1, 1)
bones/28/name = "mixamorig_LeftHandThumb1"
bones/28/parent = 15
bones/28/rest = Transform3D(-0.208696, -0.154401, -0.965716, -0.825311, 0.557588, 0.0892055, 0.524697, 0.815633, -0.243795, -0.0030238, 0.0292336, 0.0302206)
bones/28/enabled = true
bones/28/position = Vector3(-0.0030238, 0.0292336, 0.0302206)
bones/28/rotation = Quaternion(0.345511, -0.708886, -0.319106, 0.525618)
bones/28/scale = Vector3(1, 1, 1)
bones/29/name = "mixamorig_LeftHandThumb2"
bones/29/parent = 28
bones/29/rest = Transform3D(0.970845, -0.197892, 0.135271, 0.177866, 0.973026, 0.146915, -0.160696, -0.118572, 0.979856, 1.11759e-08, 0.0263927, -5.96046e-08)
bones/29/enabled = true
bones/29/position = Vector3(1.11759e-08, 0.0263927, -5.96046e-08)
bones/29/rotation = Quaternion(-0.0670137, 0.0747074, 0.0948482, 0.99042)
bones/29/scale = Vector3(1, 1, 1)
bones/30/name = "mixamorig_LeftHandThumb3"
bones/30/parent = 29
bones/30/rest = Transform3D(0.993289, -0.0521069, 0.103257, 0.0465316, 0.997364, 0.0556872, -0.105887, -0.0505088, 0.993094, -4.65661e-09, 0.0359246, -4.47035e-08)
bones/30/enabled = true
bones/30/position = Vector3(-4.65661e-09, 0.0359246, -4.47035e-08)
bones/30/rotation = Quaternion(-0.0266031, 0.0523926, 0.0247099, 0.997966)
bones/30/scale = Vector3(1, 1, 1)
bones/31/name = "mixamorig_Neck"
bones/31/parent = 11
bones/31/rest = Transform3D(1, -1.49707e-17, 1.83422e-18, 1.42476e-17, 0.97753, 0.210796, -4.94876e-18, -0.210796, 0.97753, -8.20219e-19, 0.15679, -1.39698e-09)
bones/31/enabled = true
bones/31/position = Vector3(-8.20219e-19, 0.15679, -1.39698e-09)
bones/31/rotation = Quaternion(-0.105995, 1.70535e-18, 7.34595e-18, 0.994367)
bones/31/scale = Vector3(1, 1, 1)
bones/32/name = "mixamorig_Head"
bones/32/parent = 31
bones/32/rest = Transform3D(0.99991, 0.00952784, -0.00942399, -0.0105253, 0.993632, -0.112181, 0.00829514, 0.11227, 0.993643, -0.00189, 0.0556033, 0.0293186)
bones/32/enabled = true
bones/32/position = Vector3(-0.00189, 0.0556033, 0.0293186)
bones/32/rotation = Quaternion(0.0562027, -0.00443689, -0.00502134, 0.998397)
bones/32/scale = Vector3(1, 1, 1)
bones/33/name = "mixamorig_RightShoulder"
bones/33/parent = 11
bones/33/rest = Transform3D(-0.0982803, -0.94558, 0.310194, 0.16438, -0.322846, -0.932067, 0.981489, -0.0406144, 0.187164, -0.057545, 0.130907, 0.0182267)
bones/33/enabled = true
bones/33/position = Vector3(-0.057545, 0.130907, 0.0182267)
bones/33/rotation = Quaternion(0.509265, -0.383494, 0.634092, 0.437618)
bones/33/scale = Vector3(1, 1, 1)
bones/34/name = "mixamorig_RightArm"
bones/34/parent = 33
bones/34/rest = Transform3D(0.7152, -0.00234079, 0.698916, 0.371218, 0.848557, -0.377025, -0.592187, 0.529099, 0.607757, -1.30385e-08, 0.116508, 5.27361e-08)
bones/34/enabled = true
bones/34/position = Vector3(-1.30385e-08, 0.116508, 5.27361e-08)
bones/34/rotation = Quaternion(0.254404, 0.362491, 0.104881, 0.890437)
bones/34/scale = Vector3(1, 1, 1)
bones/35/name = "mixamorig_RightForeArm"
bones/35/parent = 34
bones/35/rest = Transform3D(0.77797, 0.534649, -0.33002, -0.62776, 0.683245, -0.372954, 0.0260847, 0.497321, 0.867175, -1.49012e-08, 0.227615, 2.04891e-08)
bones/35/enabled = true
bones/35/position = Vector3(-1.49012e-08, 0.227615, 2.04891e-08)
bones/35/rotation = Quaternion(0.238512, -0.0975957, -0.318575, 0.912194)
bones/35/scale = Vector3(1, 1, 1)
bones/36/name = "mixamorig_RightHand"
bones/36/parent = 35
bones/36/rest = Transform3D(0.833385, -0.19762, 0.516155, 0.252201, 0.966968, -0.0369825, -0.491797, 0.160996, 0.855696, -9.31323e-08, 0.226315, 7.45058e-09)
bones/36/enabled = true
bones/36/position = Vector3(-9.31323e-08, 0.226315, 7.45058e-09)
bones/36/rotation = Quaternion(0.0517704, 0.263575, 0.117626, 0.95604)
bones/36/scale = Vector3(1, 1, 1)
bones/37/name = "mixamorig_RightHandIndex1"
bones/37/parent = 36
bones/37/rest = Transform3D(0.901931, 0.0132833, 0.431677, 0.112992, 0.957455, -0.265544, -0.416838, 0.288278, 0.862057, 0.0139955, 0.0934705, 0.0325608)
bones/37/enabled = true
bones/37/position = Vector3(0.0139955, 0.0934705, 0.0325608)
bones/37/rotation = Quaternion(0.143544, 0.219925, 0.0258432, 0.964552)
bones/37/scale = Vector3(1, 1, 1)
bones/38/name = "mixamorig_RightHandIndex2"
bones/38/parent = 37
bones/38/rest = Transform3D(0.892098, -0.185238, 0.412126, 0.136727, 0.98001, 0.144522, -0.430658, -0.072579, 0.899592, -1.86265e-08, 0.0251998, 5.96046e-08)
bones/38/enabled = true
bones/38/position = Vector3(-1.86265e-08, 0.0251998, 5.96046e-08)
bones/38/rotation = Quaternion(-0.0558937, 0.216979, 0.0828914, 0.971043)
bones/38/scale = Vector3(1, 1, 1)
bones/39/name = "mixamorig_RightHandIndex3"
bones/39/parent = 38
bones/39/rest = Transform3D(0.996909, -0.0286634, 0.0731523, 0.0272926, 0.999434, 0.0196704, -0.0736747, -0.0176131, 0.997127, 2.58442e-08, 0.0226366, 3.72529e-09)
bones/39/enabled = true
bones/39/position = Vector3(2.58442e-08, 0.0226366, 3.72529e-09)
bones/39/rotation = Quaternion(-0.0093285, 0.0367368, 0.0140004, 0.999183)
bones/39/scale = Vector3(1, 1, 1)
bones/40/name = "mixamorig_RightHandMiddle1"
bones/40/parent = 36
bones/40/rest = Transform3D(0.994031, -0.034179, 0.103603, 0.0353107, 0.999335, -0.00910802, -0.103223, 0.0127119, 0.994577, 0.00437432, 0.0958057, 0.00998299)
bones/40/enabled = true
bones/40/position = Vector3(0.00437432, 0.0958057, 0.00998299)
bones/40/rotation = Quaternion(0.00546323, 0.0517844, 0.0173987, 0.998492)
bones/40/scale = Vector3(1, 1, 1)
bones/41/name = "mixamorig_RightHandMiddle2"
bones/41/parent = 40
bones/41/rest = Transform3D(0.883491, -0.174147, 0.434876, 0.199643, 0.979779, -0.0132391, -0.423777, 0.0985165, 0.900393, -9.68575e-08, 0.0318435, -5.96046e-08)
bones/41/enabled = true
bones/41/position = Vector3(-9.68575e-08, 0.0318435, -5.96046e-08)
bones/41/rotation = Quaternion(0.0288027, 0.2213, 0.0963369, 0.970008)
bones/41/scale = Vector3(1, 1, 1)
bones/42/name = "mixamorig_RightHandMiddle3"
bones/42/parent = 41
bones/42/rest = Transform3D(0.999668, 0.00700885, -0.0247786, -0.00637366, 0.999651, 0.0256211, 0.0249495, -0.0254546, 0.999365, 3.35276e-08, 0.0249744, 8.9407e-08)
bones/42/enabled = true
bones/42/position = Vector3(3.35276e-08, 0.0249744, 8.9407e-08)
bones/42/rotation = Quaternion(-0.012771, -0.0124341, -0.00334618, 0.999836)
bones/42/scale = Vector3(1, 1, 1)
bones/43/name = "mixamorig_RightHandPinky1"
bones/43/parent = 36
bones/43/rest = Transform3D(0.928449, -0.260505, 0.2648, 0.207649, 0.955064, 0.211507, -0.307999, -0.141388, 0.940822, -0.00929833, 0.0848684, -0.0259672)
bones/43/enabled = true
bones/43/position = Vector3(-0.00929833, 0.0848684, -0.0259672)
bones/43/rotation = Quaternion(-0.090227, 0.146452, 0.119696, 0.977795)
bones/43/scale = Vector3(1, 1, 1)
bones/44/name = "mixamorig_RightHandPinky2"
bones/44/parent = 43
bones/44/rest = Transform3D(0.96805, -0.135764, 0.210825, 0.136151, 0.990606, 0.0127478, -0.210575, 0.0163634, 0.977441, -6.70552e-08, 0.021519, -2.98023e-08)
bones/44/enabled = true
bones/44/position = Vector3(-6.70552e-08, 0.021519, -2.98023e-08)
bones/44/rotation = Quaternion(0.000911205, 0.106202, 0.0685283, 0.99198)
bones/44/scale = Vector3(1, 1, 1)
bones/45/name = "mixamorig_RightHandPinky3"
bones/45/parent = 44
bones/45/rest = Transform3D(0.999432, -0.0225986, 0.0249927, 0.0217823, 0.999235, 0.0324669, -0.0257073, -0.0319041, 0.99916, 2.23517e-08, 0.0142034, 1.49012e-08)
bones/45/enabled = true
bones/45/position = Vector3(2.23517e-08, 0.0142034, 1.49012e-08)
bones/45/rotation = Quaternion(-0.0160971, 0.0126785, 0.0110983, 0.999728)
bones/45/scale = Vector3(1, 1, 1)
bones/46/name = "mixamorig_RightHandRing1"
bones/46/parent = 36
bones/46/rest = Transform3D(0.996813, -0.0792778, 0.00890936, 0.0771414, 0.986321, 0.145671, -0.020336, -0.14452, 0.989293, -0.000992343, 0.0915696, -0.00887327)
bones/46/enabled = true
bones/46/position = Vector3(-0.000992343, 0.0915696, -0.00887327)
bones/46/rotation = Quaternion(-0.0727991, 0.00733666, 0.0392403, 0.996547)
bones/46/scale = Vector3(1, 1, 1)
bones/47/name = "mixamorig_RightHandRing2"
bones/47/parent = 46
bones/47/rest = Transform3D(0.900542, -0.173692, 0.398565, 0.211556, 0.975944, -0.0526919, -0.379825, 0.13177, 0.915625, -1.3411e-07, 0.0281658, -1.11759e-08)
bones/47/enabled = true
bones/47/position = Vector3(-1.3411e-07, 0.0281658, -1.11759e-08)
bones/47/rotation = Quaternion(0.0473627, 0.199861, 0.0989169, 0.973667)
bones/47/scale = Vector3(1, 1, 1)
bones/48/name = "mixamorig_RightHandRing3"
bones/48/parent = 47
bones/48/rest = Transform3D(0.999144, 0.0101001, -0.0401021, -0.00793953, 0.998527, 0.0536744, 0.0405851, -0.0533101, 0.997753, 4.09782e-08, 0.0236903, -2.98023e-08)
bones/48/enabled = true
bones/48/position = Vector3(4.09782e-08, 0.0236903, -2.98023e-08)
bones/48/rotation = Quaternion(-0.0267615, -0.0201833, -0.00451248, 0.999428)
bones/48/scale = Vector3(1, 1, 1)
bones/49/name = "mixamorig_RightHandThumb1"
bones/49/parent = 36
bones/49/rest = Transform3D(-0.175637, -0.0262176, 0.984106, 0.788465, 0.594819, 0.156567, -0.589469, 0.803432, -0.0838006, -0.003329, 0.0306521, 0.0287471)
bones/49/enabled = true
bones/49/position = Vector3(-0.003329, 0.0306521, 0.0287471)
bones/49/rotation = Quaternion(0.279886, 0.680855, 0.352497, 0.577794)
bones/49/scale = Vector3(1, 1, 1)
bones/50/name = "mixamorig_RightHandThumb2"
bones/50/parent = 49
bones/50/rest = Transform3D(0.888439, 0.210973, -0.407635, -0.151059, 0.973026, 0.17436, 0.433424, -0.0933312, 0.896344, -3.35276e-08, 0.0263927, -5.21541e-08)
bones/50/enabled = true
bones/50/position = Vector3(-3.35276e-08, 0.0263927, -5.21541e-08)
bones/50/rotation = Quaternion(-0.0690457, -0.216935, -0.0933792, 0.969253)
bones/50/scale = Vector3(1, 1, 1)
bones/51/name = "mixamorig_RightHandThumb3"
bones/51/parent = 50
bones/51/rest = Transform3D(0.988893, 0.0430159, -0.142265, -0.0341745, 0.997364, 0.0640184, 0.144644, -0.0584456, 0.987756, 2.98023e-08, 0.0359245, -1.19209e-07)
bones/51/enabled = true
bones/51/position = Vector3(2.98023e-08, 0.0359245, -1.19209e-07)
bones/51/rotation = Quaternion(-0.0307159, -0.0719614, -0.0193606, 0.996746)
bones/51/scale = Vector3(1, 1, 1)

[node name="$md-$af-$ma-$yn" type="Skeleton3D" parent="."]
bones/0/name = "mixamorig_Hips"
bones/0/parent = -1
bones/0/rest = Transform3D(0.9996, 0.0180203, -0.0217758, -0.0213838, 0.985944, -0.165703, 0.0184837, 0.166102, 0.985935, -0.001655, 1.02111, 0.012905)
bones/0/enabled = true
bones/0/position = Vector3(-0.001655, 1.02111, 0.012905)
bones/0/rotation = Quaternion(0.0832486, -0.0101009, -0.00988633, 0.996429)
bones/0/scale = Vector3(1, 1, 1)
bones/1/name = "mixamorig_LeftUpLeg"
bones/1/parent = 0
bones/1/rest = Transform3D(-0.988876, 0.126228, -0.0786853, -0.141543, -0.961158, 0.236943, -0.0457202, 0.245444, 0.968334, 0.11627, -0.0518573, -0.0106198)
bones/1/enabled = true
bones/1/position = Vector3(0.11627, -0.0518573, -0.0106198)
bones/1/rotation = Quaternion(0.0314236, -0.121846, -0.989743, 0.0676364)
bones/1/scale = Vector3(1, 1, 1)
bones/2/name = "mixamorig_LeftLeg"
bones/2/parent = 1
bones/2/rest = Transform3D(0.997665, -0.00928286, 0.0676706, 0.00147472, 0.993418, 0.114533, -0.0682884, -0.114165, 0.991112, 5.58794e-09, 0.423741, 4.65661e-09)
bones/2/enabled = true
bones/2/position = Vector3(5.58794e-09, 0.423741, 4.65661e-09)
bones/2/rotation = Quaternion(-0.0573021, 0.0340657, 0.0026954, 0.997772)
bones/2/scale = Vector3(1, 1, 1)
bones/3/name = "mixamorig_LeftFoot"
bones/3/parent = 2
bones/3/rest = Transform3D(0.951679, -0.106583, 0.288005, 0.306037, 0.251414, -0.918222, 0.0254586, 0.961993, 0.271884, 1.234e-08, 0.478803, 4.65661e-09)
bones/3/enabled = true
bones/3/position = Vector3(1.234e-08, 0.478803, 4.65661e-09)
bones/3/rotation = Quaternion(0.597575, 0.0834431, 0.13114, 0.786603)
bones/3/scale = Vector3(1, 1, 1)
bones/4/name = "mixamorig_LeftToeBase"
bones/4/parent = 3
bones/4/rest = Transform3D(-0.912637, -0.0654306, 0.4035, -0.0567349, 0.997828, 0.0334823, -0.404814, 0.0076647, -0.914367, -2.23517e-08, 0.159521, 0)
bones/4/enabled = true
bones/4/position = Vector3(-2.23517e-08, 0.159521, 0)
bones/4/rotation = Quaternion(-0.0312329, 0.977859, 0.0105197, 0.206654)
bones/4/scale = Vector3(1, 1, 1)
bones/5/name = "mixamorig_RightUpLeg"
bones/5/parent = 0
bones/5/rest = Transform3D(-0.990408, -0.080714, 0.11215, 0.105855, -0.964888, 0.240387, 0.088809, 0.249952, 0.964179, -0.111369, -0.055961, -0.00566083)
bones/5/enabled = true
bones/5/position = Vector3(-0.111369, -0.055961, -0.00566083)
bones/5/rotation = Quaternion(0.050753, 0.123838, 0.989883, 0.0471189)
bones/5/scale = Vector3(1, 1, 1)
bones/6/name = "mixamorig_RightLeg"
bones/6/parent = 5
bones/6/rest = Transform3D(0.997663, 0.00928633, -0.0676904, -0.00147592, 0.993418, 0.114532, 0.0683085, -0.114165, 0.991111, -1.86265e-08, 0.423741, 9.31323e-09)
bones/6/enabled = true
bones/6/position = Vector3(-1.86265e-08, 0.423741, 9.31323e-09)
bones/6/rotation = Quaternion(-0.057302, -0.0340756, -0.00269657, 0.997772)
bones/6/scale = Vector3(1, 1, 1)
bones/7/name = "mixamorig_RightFoot"
bones/7/parent = 6
bones/7/rest = Transform3D(0.77119, 0.106574, -0.62762, -0.631604, 0.251414, -0.733394, 0.0796322, 0.961994, 0.261201, -2.37487e-08, 0.478803, 3.0268e-09)
bones/7/enabled = true
bones/7/position = Vector3(-2.37487e-08, 0.478803, 3.0268e-09)
bones/7/rotation = Quaternion(0.560931, -0.234, -0.244231, 0.755613)
bones/7/scale = Vector3(1, 1, 1)
bones/8/name = "mixamorig_RightToeBase"
bones/8/parent = 7
bones/8/rest = Transform3D(0.811825, 0.0634447, 0.580444, -0.0619401, 0.997828, -0.0224351, -0.580606, -0.0177394, 0.813991, 3.72529e-09, 0.159521, 3.72529e-09)
bones/8/enabled = true
bones/8/position = Vector3(3.72529e-09, 0.159521, 3.72529e-09)
bones/8/rotation = Quaternion(0.0012334, 0.304964, -0.0329338, 0.951794)
bones/8/scale = Vector3(1, 1, 1)
bones/9/name = "mixamorig_Spine"
bones/9/parent = 0
bones/9/rest = Transform3D(0.999646, -0.0245676, 0.010258, 0.0193389, 0.934882, 0.354432, -0.0182976, -0.354108, 0.935026, 2.38647e-09, 0.091841, 2.79371e-08)
bones/9/enabled = true
bones/9/position = Vector3(2.38647e-09, 0.091841, 2.79371e-08)
bones/9/rotation = Quaternion(-0.180096, 0.00725824, 0.0111601, 0.983559)
bones/9/scale = Vector3(1, 1, 1)
bones/10/name = "mixamorig_Spine1"
bones/10/parent = 9
bones/10/rest = Transform3D(0.999993, -0.000785717, 0.00363607, 5.06407e-09, 0.97744, 0.211213, -0.00371999, -0.211212, 0.977433, -5.73969e-11, 0.106693, 4.65415e-09)
bones/10/enabled = true
bones/10/position = Vector3(-5.73969e-11, 0.106693, 4.65415e-09)
bones/10/rotation = Quaternion(-0.106207, 0.00184948, 0.000197548, 0.994342)
bones/10/scale = Vector3(1, 1, 1)
bones/11/name = "mixamorig_Spine2"
bones/11/parent = 10
bones/11/rest = Transform3D(1, -4.47459e-11, 3.72281e-11, 5.82076e-11, 0.768728, -0.639576, 5.72459e-17, 0.639576, 0.768728, 3.16587e-17, 0.139713, -7.45058e-09)
bones/11/enabled = true
bones/11/position = Vector3(3.16587e-17, 0.139713, -7.45058e-09)
bones/11/rotation = Quaternion(0.340053, 9.89681e-12, 2.73694e-11, 0.940406)
bones/11/scale = Vector3(1, 1, 1)
bones/12/name = "mixamorig_LeftShoulder"
bones/12/parent = 11
bones/12/rest = Transform3D(-0.0929703, 0.869464, -0.485169, -0.54206, -0.452936, -0.707828, -0.835181, 0.197184, 0.513411, 0.065205, 0.190731, 0.00752632)
bones/12/enabled = true
bones/12/position = Vector3(0.065205, 0.190731, 0.00752632)
bones/12/rotation = Quaternion(0.460042, 0.177921, -0.717516, 0.491809)
bones/12/scale = Vector3(1, 1, 1)
bones/13/name = "mixamorig_LeftArm"
bones/13/parent = 12
bones/13/rest = Transform3D(0.806343, 0.16187, -0.568866, -0.301032, 0.940239, -0.159157, 0.509107, 0.299582, 0.806883, -3.1665e-08, 0.149569, 1.39698e-08)
bones/13/enabled = true
bones/13/position = Vector3(-3.1665e-08, 0.149569, 1.39698e-08)
bones/13/rotation = Quaternion(0.121677, -0.285925, -0.122782, 0.942532)
bones/13/scale = Vector3(1, 1, 1)
bones/14/name = "mixamorig_LeftForeArm"
bones/14/parent = 13
bones/14/rest = Transform3D(0.822983, -0.509374, 0.251471, 0.564373, 0.682755, -0.464035, 0.0646742, 0.523816, 0.849372, 6.51926e-09, 0.263863, -4.65661e-08)
bones/14/enabled = true
bones/14/position = Vector3(6.51926e-09, 0.263863, -4.65661e-08)
bones/14/rotation = Quaternion(0.269655, 0.0509901, 0.293102, 0.915848)
bones/14/scale = Vector3(1, 1, 1)
bones/15/name = "mixamorig_LeftHand"
bones/15/parent = 14
bones/15/rest = Transform3D(0.989151, 0.129345, -0.0696404, -0.130893, 0.991231, -0.0181236, 0.0666855, 0.0270424, 0.997407, -7.45058e-09, 0.293876, -5.21541e-08)
bones/15/enabled = true
bones/15/position = Vector3(-7.45058e-09, 0.293876, -5.21541e-08)
bones/15/rotation = Quaternion(0.011323, -0.0341765, -0.0652409, 0.99722)
bones/15/scale = Vector3(1, 1, 1)
bones/16/name = "mixamorig_LeftHandIndex1"
bones/16/parent = 15
bones/16/rest = Transform3D(0.642623, -0.0396135, -0.765158, -0.244265, 0.93596, -0.253604, 0.726203, 0.349873, 0.591793, -0.0326505, 0.113016, 0.0331983)
bones/16/enabled = true
bones/16/position = Vector3(-0.0326505, 0.113016, 0.0331983)
bones/16/rotation = Quaternion(0.169463, -0.418791, -0.0574684, 0.890277)
bones/16/scale = Vector3(1, 1, 1)
bones/17/name = "mixamorig_LeftHandIndex2"
bones/17/parent = 16
bones/17/rest = Transform3D(0.871948, 0.20342, -0.44534, -0.144677, 0.976034, 0.162559, 0.467735, -0.0773122, 0.880481, 4.09782e-08, 0.029644, -2.98023e-08)
bones/17/enabled = true
bones/17/position = Vector3(4.09782e-08, 0.029644, -2.98023e-08)
bones/17/rotation = Quaternion(-0.062113, -0.236435, -0.0901373, 0.965461)
bones/17/scale = Vector3(1, 1, 1)
bones/18/name = "mixamorig_LeftHandIndex3"
bones/18/parent = 17
bones/18/rest = Transform3D(0.967265, 0.0998981, -0.233278, -0.079627, 0.992309, 0.0947768, 0.240952, -0.073099, 0.96778, -2.28174e-08, 0.0264314, -3.72529e-08)
bones/18/enabled = true
bones/18/position = Vector3(-2.28174e-08, 0.0264314, -3.72529e-08)
bones/18/rotation = Quaternion(-0.0423553, -0.119649, -0.0452945, 0.990878)
bones/18/scale = Vector3(1, 1, 1)
bones/19/name = "mixamorig_LeftHandMiddle1"
bones/19/parent = 15
bones/19/rest = Transform3D(0.69249, 0.200208, -0.693091, -0.279001, 0.96029, -0.0013675, 0.665294, 0.19432, 0.720849, -0.0162547, 0.116611, 0.00793267)
bones/19/enabled = true
bones/19/position = Vector3(-0.0162547, 0.116611, 0.00793267)
bones/19/rotation = Quaternion(0.0532703, -0.369781, -0.130451, 0.918372)
bones/19/scale = Vector3(1, 1, 1)
bones/20/name = "mixamorig_LeftHandMiddle2"
bones/20/parent = 19
bones/20/rest = Transform3D(0.966884, 0.096944, -0.236085, -0.107612, 0.993655, -0.0326984, 0.231417, 0.0570212, 0.971182, 5.21541e-08, 0.0381408, -4.47035e-08)
bones/20/enabled = true
bones/20/position = Vector3(5.21541e-08, 0.0381408, -4.47035e-08)
bones/20/rotation = Quaternion(0.0226238, -0.117886, -0.0515812, 0.991428)
bones/20/scale = Vector3(1, 1, 1)
bones/21/name = "mixamorig_LeftHandMiddle3"
bones/21/parent = 20
bones/21/rest = Transform3D(0.969353, 0.120558, -0.214056, -0.103415, 0.990595, 0.089596, 0.222845, -0.0647136, 0.972704, -5.21541e-08, 0.0315711, -4.47035e-08)
bones/21/enabled = true
bones/21/position = Vector3(-5.21541e-08, 0.0315711, -4.47035e-08)
bones/21/rotation = Quaternion(-0.0389063, -0.110157, -0.0564706, 0.991546)
bones/21/scale = Vector3(1, 1, 1)
bones/22/name = "mixamorig_LeftHandPinky1"
bones/22/parent = 15
bones/22/rest = Transform3D(0.700088, 0.421955, -0.576048, -0.340697, 0.906366, 0.249854, 0.627537, 0.0213374, 0.778294, 0.0192464, 0.10516, -0.0212231)
bones/22/enabled = true
bones/22/position = Vector3(0.0192464, 0.10516, -0.0212231)
bones/22/rotation = Quaternion(-0.0621048, -0.327102, -0.207268, 0.919884)
bones/22/scale = Vector3(1, 1, 1)
bones/23/name = "mixamorig_LeftHandPinky2"
bones/23/parent = 22
bones/23/rest = Transform3D(0.955556, 0.151673, -0.252799, -0.16396, 0.986065, -0.0281397, 0.245008, 0.0683381, 0.96711, 7.45058e-09, 0.0244284, 7.45058e-08)
bones/23/enabled = true
bones/23/position = Vector3(7.45058e-09, 0.0244284, 7.45058e-08)
bones/23/rotation = Quaternion(0.0243994, -0.125896, -0.0798244, 0.988526)
bones/23/scale = Vector3(1, 1, 1)
bones/24/name = "mixamorig_LeftHandPinky3"
bones/24/parent = 23
bones/24/rest = Transform3D(0.999892, -0.00641731, 0.0131938, 0.00616254, 0.999795, 0.0192614, -0.0133147, -0.019178, 0.999727, -5.21541e-08, 0.0178345, 2.98023e-08)
bones/24/enabled = true
bones/24/position = Vector3(-5.21541e-08, 0.0178345, 2.98023e-08)
bones/24/rotation = Quaternion(-0.00961053, 0.0066276, 0.00314519, 0.999927)
bones/24/scale = Vector3(1, 1, 1)
bones/25/name = "mixamorig_LeftHandRing1"
bones/25/parent = 15
bones/25/rest = Transform3D(0.788988, 0.290584, -0.541348, -0.265687, 0.955812, 0.125833, 0.553992, 0.0445484, 0.831329, -0.000737831, 0.11315, -0.00913911)
bones/25/enabled = true
bones/25/position = Vector3(-0.000737831, 0.11315, -0.00913911)
bones/25/rotation = Quaternion(-0.0214918, -0.289609, -0.147079, 0.945533)
bones/25/scale = Vector3(1, 1, 1)
bones/26/name = "mixamorig_LeftHandRing2"
bones/26/parent = 25
bones/26/rest = Transform3D(0.958447, 0.115515, -0.260837, -0.136522, 0.988578, -0.0638452, 0.250483, 0.0968021, 0.963269, 0, 0.0336653, 2.98023e-08)
bones/26/enabled = true
bones/26/position = Vector3(0, 0.0336653, 2.98023e-08)
bones/26/rotation = Quaternion(0.0406199, -0.129288, -0.0637278, 0.988723)
bones/26/scale = Vector3(1, 1, 1)
bones/27/name = "mixamorig_LeftHandRing3"
bones/27/parent = 26
bones/27/rest = Transform3D(0.983524, 0.107798, -0.145119, -0.0946772, 0.991013, 0.0944904, 0.154, -0.0791942, 0.984892, -5.96046e-08, 0.028464, -2.98023e-08)
bones/27/enabled = true
bones/27/position = Vector3(-5.96046e-08, 0.028464, -2.98023e-08)
bones/27/rotation = Quaternion(-0.043643, -0.0751619, -0.0508776, 0.994916)
bones/27/scale = Vector3(1, 1, 1)
bones/28/name = "mixamorig_LeftHandThumb1"
bones/28/parent = 15
bones/28/rest = Transform3D(-0.477587, 0.00175932, -0.878583, -0.833458, 0.315458, 0.453689, 0.277954, 0.948938, -0.149192, -0.0216252, 0.0386043, 0.0260555)
bones/28/enabled = true
bones/28/position = Vector3(-0.0216252, 0.0386043, 0.0260555)
bones/28/rotation = Quaternion(0.29839, -0.696821, -0.503224, 0.414933)
bones/28/scale = Vector3(1, 1, 1)
bones/29/name = "mixamorig_LeftHandThumb2"
bones/29/parent = 28
bones/29/rest = Transform3D(0.946286, -0.283303, 0.155825, 0.312937, 0.923699, -0.221021, -0.0813194, 0.257912, 0.96274, -1.86265e-08, 0.03513, 4.47035e-08)
bones/29/enabled = true
bones/29/position = Vector3(-1.86265e-08, 0.03513, 4.47035e-08)
bones/29/rotation = Quaternion(0.122318, 0.0605659, 0.152278, 0.978867)
bones/29/scale = Vector3(1, 1, 1)
bones/30/name = "mixamorig_LeftHandThumb3"
bones/30/parent = 29
bones/30/rest = Transform3D(0.779941, -0.240793, 0.577677, 0.132872, 0.96569, 0.223133, -0.611586, -0.0972737, 0.785176, -3.72529e-09, 0.0416882, -7.45058e-08)
bones/30/enabled = true
bones/30/position = Vector3(-3.72529e-09, 0.0416882, -7.45058e-08)
bones/30/rotation = Quaternion(-0.0852579, 0.316454, 0.0994293, 0.939522)
bones/30/scale = Vector3(1, 1, 1)
bones/31/name = "mixamorig_Neck"
bones/31/parent = 11
bones/31/rest = Transform3D(1, 7.74904e-17, 2.42702e-17, -7.80625e-17, 0.835084, 0.550123, 2.23616e-17, -0.550123, 0.835083, -5.02999e-17, 0.225504, -9.31323e-10)
bones/31/enabled = true
bones/31/position = Vector3(-5.02999e-17, 0.225504, -9.31323e-10)
bones/31/rotation = Quaternion(-0.287156, 4.98135e-19, -4.05981e-17, 0.957884)
bones/31/scale = Vector3(1, 1, 1)
bones/32/name = "mixamorig_Head"
bones/32/parent = 31
bones/32/rest = Transform3D(0.999804, -0.013867, 0.0141215, 0.0175607, 0.950643, -0.309788, -0.00912862, 0.309976, 0.950701, 0.00291, 0.0415233, 0.0187439)
bones/32/enabled = true
bones/32/position = Vector3(0.00291, 0.0415233, 0.0187439)
bones/32/rotation = Quaternion(0.156892, 0.0058857, 0.00795586, 0.987566)
bones/32/scale = Vector3(1, 1, 1)
bones/33/name = "mixamorig_RightShoulder"
bones/33/parent = 11
bones/33/rest = Transform3D(-0.0805291, -0.903298, 0.421387, 0.472724, -0.406802, -0.781693, 0.877523, 0.136251, 0.45977, -0.065995, 0.181196, 0.0175225)
bones/33/enabled = true
bones/33/position = Vector3(-0.065995, 0.181196, 0.0175225)
bones/33/rotation = Quaternion(0.46543, -0.231277, 0.697693, 0.493062)
bones/33/scale = Vector3(1, 1, 1)
bones/34/name = "mixamorig_RightArm"
bones/34/parent = 33
bones/34/rest = Transform3D(0.775988, -0.111093, 0.620887, 0.321496, 0.916562, -0.237811, -0.542663, 0.384151, 0.746957, 2.79397e-08, 0.143092, 7.45058e-09)
bones/34/enabled = true
bones/34/position = Vector3(2.79397e-08, 0.143092, 7.45058e-09)
bones/34/rotation = Quaternion(0.167682, 0.313695, 0.116626, 0.927295)
bones/34/scale = Vector3(1, 1, 1)
bones/35/name = "mixamorig_RightForeArm"
bones/35/parent = 34
bones/35/rest = Transform3D(0.822191, 0.51171, -0.249308, -0.565295, 0.682755, -0.462911, -0.0666598, 0.521534, 0.850622, -4.00469e-08, 0.263863, 4.47035e-08)
bones/35/enabled = true
bones/35/position = Vector3(-4.00469e-08, 0.263863, 4.47035e-08)
bones/35/rotation = Quaternion(0.268707, -0.0498544, -0.293971, 0.915911)
bones/35/scale = Vector3(1, 1, 1)
bones/36/name = "mixamorig_RightHand"
bones/36/parent = 35
bones/36/rest = Transform3D(0.94639, -0.130827, 0.295349, 0.147499, 0.98845, -0.0347911, -0.287386, 0.0764895, 0.954756, -4.47035e-08, 0.293876, 2.98023e-08)
bones/36/enabled = true
bones/36/position = Vector3(-4.47035e-08, 0.293876, 2.98023e-08)
bones/36/rotation = Quaternion(0.0282122, 0.147737, 0.0705619, 0.986103)
bones/36/scale = Vector3(1, 1, 1)
bones/37/name = "mixamorig_RightHandIndex1"
bones/37/parent = 36
bones/37/rest = Transform3D(0.791014, -0.0238932, 0.611331, 0.205126, 0.951756, -0.228218, -0.576386, 0.305923, 0.757754, 0.0262905, 0.114333, 0.0343141)
bones/37/enabled = true
bones/37/position = Vector3(0.0262905, 0.114333, 0.0343141)
bones/37/rotation = Quaternion(0.142745, 0.317407, 0.0612033, 0.935484)
bones/37/scale = Vector3(1, 1, 1)
bones/38/name = "mixamorig_RightHandIndex2"
bones/38/parent = 37
bones/38/rest = Transform3D(0.871993, -0.203379, 0.44527, 0.144604, 0.976034, 0.162623, -0.467673, -0.0774179, 0.880504, 3.72529e-09, 0.029644, 0)
bones/38/enabled = true
bones/38/position = Vector3(3.72529e-09, 0.029644, 0)
bones/38/rotation = Quaternion(-0.0621564, 0.236399, 0.0901073, 0.96547)
bones/38/scale = Vector3(1, 1, 1)
bones/39/name = "mixamorig_RightHandIndex3"
bones/39/parent = 38
bones/39/rest = Transform3D(0.967224, -0.0998655, 0.233462, 0.0795667, 0.992309, 0.0948275, -0.241136, -0.0731436, 0.967731, 1.02445e-08, 0.0264315, -6.51926e-08)
bones/39/enabled = true
bones/39/position = Vector3(1.02445e-08, 0.0264315, -6.51926e-08)
bones/39/rotation = Quaternion(-0.0423799, 0.119743, 0.0452716, 0.990866)
bones/39/scale = Vector3(1, 1, 1)
bones/40/name = "mixamorig_RightHandMiddle1"
bones/40/parent = 36
bones/40/rest = Transform3D(0.826251, -0.222884, 0.517332, 0.242378, 0.969697, 0.0306673, -0.50849, 0.100051, 0.855235, 0.0159576, 0.116772, 0.0058996)
bones/40/enabled = true
bones/40/position = Vector3(0.0159576, 0.116772, 0.0058996)
bones/40/rotation = Quaternion(0.0181556, 0.268426, 0.121745, 0.955404)
bones/40/scale = Vector3(1, 1, 1)
bones/41/name = "mixamorig_RightHandMiddle2"
bones/41/parent = 40
bones/41/rest = Transform3D(0.966873, -0.0970286, 0.236098, 0.107661, 0.993655, -0.0325363, -0.231443, 0.0568771, 0.971184, -1.49012e-07, 0.0381409, 2.98023e-08)
bones/41/enabled = true
bones/41/position = Vector3(-1.49012e-07, 0.0381409, 2.98023e-08)
bones/41/rotation = Quaternion(0.0225466, 0.117896, 0.0516149, 0.991427)
bones/41/scale = Vector3(1, 1, 1)
bones/42/name = "mixamorig_RightHandMiddle3"
bones/42/parent = 41
bones/42/rest = Transform3D(0.969371, -0.12046, 0.214032, 0.103282, 0.990595, 0.0897494, -0.22283, -0.0648949, 0.972695, 4.47035e-08, 0.0315711, -2.98023e-08)
bones/42/enabled = true
