{"$md-$af-$ma-$yn":[[[0.999599993228912,-0.02138379961252,0.0184837002307177],[0.0180203001946211,0.985943973064423,0.166102007031441],[-0.02177580073476,-0.16570299863815,0.985934972763062],[-0.00165500002913,1.02111005783081,0.0129049997776747]],[[-0.98887598514557,-0.14154300093651,-0.04572020098567],[0.126228004693985,-0.96115797758102,0.245443999767303],[-0.07868529856205,0.236943006515503,0.968334019184113],[0.116269998252392,-0.05185730010271,-0.0106197996065]],[[0.997664988040924,0.00147471996024251,-0.06828840076923],[-0.00928285997361,0.993417978286743,-0.1141650006175],[0.0676705986261368,0.114532999694347,0.991111993789673],[0.00000000558793988858497,0.423741012811661,0.00000000465661020854213]],[[0.951678991317749,0.30603700876236,0.025458600372076],[-0.10658299922943,0.251414000988007,0.961992979049683],[0.288004994392395,-0.91822201013565,0.271883994340897],[0.0000000123400001328378,0.478803008794785,0.00000000465661020854213]],[[-0.91263699531555,-0.05673490092158,-0.40481400489807],[-0.06543059647083,0.997828006744385,0.0076647000387311],[0.403499990701675,0.0334822982549667,-0.91436702013016],[-0.0000000223517,0.159520998597145,0]],[[-0.99040800333023,0.105855002999306,0.088808998465538],[-0.08071400225163,-0.96488797664642,0.249952003359795],[0.112149998545647,0.240386992692947,0.96417897939682],[-0.11136899888515,-0.0559610016644,-0.00566083006561]],[[0.997663021087646,-0.00147591996938,0.0683085024356842],[0.00928633008152246,0.993417978286743,-0.1141650006175],[-0.06769040226936,0.114532001316547,0.991110980510712],[-0.0000000186265,0.423741012811661,0.00000000931323018704688]],[[0.771189987659454,-0.63160401582718,0.0796322003006935],[0.10657399892807,0.251414000988007,0.961993992328644],[-0.62761998176575,-0.73339402675629,0.261200994253159],[-0.0000000237487,0.478803008794785,0.00000000302679992181254]],[[0.811824977397919,-0.06194010004401,-0.58060598373413],[0.063444696366787,0.997828006744385,-0.0177394002676],[0.580443978309631,-0.02243510074914,0.813991010189056],[0.00000000372529007641731,0.159520998597145,0.00000000372529007641731]],[[0.999646008014679,0.0193389002233744,-0.01829759962857],[-0.02456760033965,0.934881985187531,-0.3541080057621],[0.010258000344038,0.354431986808777,0.935025990009308],[0.00000000238646991057578,0.091840997338295,0.0000000279370997446904]],[[0.999993026256561,0.00000000506407005218534,-0.00371998990886],[-0.00078571698396,0.977439999580383,-0.21121199429035],[0.00363607006147504,0.211212992668152,0.977433025836945],[-0.0000000000574,0.106692999601364,0.00000000465414995431956]],[[1,0.0000000000582075984634223,0.0000000000000000572459011770142],[-0.00000000004475,0.768728017807007,0.639576017856598],[0.0000000000372280990756924,-0.6395760178566,0.768728017807007],[0.0000000000000000316587001278543,0.139713004231453,-0.00000000745058]],[[-0.09297029674053,-0.54206001758575,-0.83518099784851],[0.869463980197906,-0.45293599367142,0.19718399643898],[-0.48516899347305,-0.70782798528671,0.513410985469818],[0.0652050003409386,0.190731003880501,0.00752631993964314]],[[0.806343019008636,-0.30103200674057,0.509106993675232],[0.161870002746582,0.940239012241364,0.299582004547119],[-0.56886601448059,-0.1591569930315,0.806882977485657],[-0.000000031665,0.149569004774094,0.0000000139698004275601]],[[0.822983026504517,0.564373016357422,0.0646741986274719],[-0.50937402248383,0.682754993438721,0.523815989494324],[0.251471012830734,-0.46403500437737,0.849372029304504],[0.00000000651925979866519,0.263862997293472,-0.0000000465661]],[[0.989151000976562,-0.13089300692081,0.0666854977607727],[0.129344999790192,0.991231024265289,0.0270424000918865],[-0.06964039802551,-0.01812360063195,0.997407019138336],[-0.00000000745058,0.293875992298126,-0.0000000521541]],[[0.642623007297516,-0.24426500499249,0.72620302438736],[-0.03961350023746,0.935959994792938,0.349873006343842],[-0.76515799760818,-0.25360399484634,0.59179300069809],[-0.03265050053596,0.113016001880169,0.0331983007490635]],[[0.871948003768921,-0.14467699825764,0.46773499250412],[0.203419998288155,0.976033985614777,-0.07731220126152],[-0.44534000754356,0.162559002637863,0.880481004714966],[0.0000000409782003885084,0.0296439994126558,-0.0000000298023]],[[0.967265009880066,-0.07962699979544,0.240952000021935],[0.099898099899292,0.992308974266052,-0.07309900224209],[-0.23327800631523,0.0947768017649651,0.967779994010925],[-0.0000000228174,0.0264314003288746,-0.0000000372529]],[[0.692489981651306,-0.27900099754333,0.665293991565704],[0.200207993388176,0.960290014743805,0.194319993257523],[-0.69309097528458,-0.00136750005186,0.720848977565765],[-0.01625470072031,0.116610996425152,0.00793267041444778]],[[0.966884016990662,-0.10761199891567,0.231417000293732],[0.0969439968466759,0.993655025959015,0.0570212006568909],[-0.23608499765396,-0.03269840031862,0.971181988716125],[0.0000000521540997056036,0.0381407998502254,-0.0000000447035]],[[0.969353020191193,-0.10341499745846,0.222845003008842],[0.120558001101017,0.990594983100891,-0.06471359729767],[-0.21405600011349,0.0895960032939911,0.972703993320465],[-0.0000000521541,0.0315711013972759,-0.0000000447035]],[[0.700088024139404,-0.34069699048996,0.62753701210022],[0.421954989433289,0.906365990638733,0.0213373992592096],[-0.57604801654816,0.249853998422623,0.778294026851654],[0.0192463994026184,0.105159997940063,-0.02122309990227]],[[0.955555975437164,-0.16395999491215,0.245008006691933],[0.151673004031181,0.986064970493317,0.0683381035923958],[-0.25279900431633,-0.02813969925046,0.967109978199005],[0.00000000745058015283462,0.0244283992797136,0.0000000745057988638109]],[[0.999891996383667,0.00616254005581141,-0.01331469975412],[-0.00641730986536,0.999795019626617,-0.01917799934745],[0.0131938001140952,0.0192613992840052,0.999727010726929],[-0.0000000521541,0.0178344994783401,0.0000000298022992950564]],[[0.788987994194031,-0.26568698883057,0.553991973400116],[0.290583997964859,0.955811977386475,0.044548399746418],[-0.54134798049927,0.125833004713058,0.831328988075256],[-0.00073783099651,0.113150000572205,-0.00913911033422]],[[0.958446979522705,-0.1365219950676,0.250483006238937],[0.115515001118183,0.988578021526337,0.0968021005392075],[-0.26083698868752,-0.06384520232677,0.963268995285034],[0,0.0336652994155884,0.0000000298022992950564]],[[0.983524024486542,-0.09467720240355,0.153999999165535],[0.107798002660275,0.991012990474701,-0.07919420301914],[-0.14511899650097,0.0944904014468193,0.984892010688782],[-0.0000000596046,0.028464000672102,-0.0000000298023]],[[-0.47758701443672,-0.83345800638199,0.277954012155533],[0.00175932003185153,0.315457999706268,0.948938012123108],[-0.87858301401138,0.453689008951187,-0.14919200539589],[-0.02162520028651,0.0386043004691601,0.0260554999113083]],[[0.946286022663116,0.312936991453171,-0.08131939917803],[-0.28330299258232,0.923699021339417,0.257912009954453],[0.15582500398159,-0.22102099657059,0.962740004062653],[-0.0000000186265,0.035130001604557,0.0000000447035013451114]],[[0.779941022396088,0.132872000336647,-0.6115859746933],[-0.240793004632,0.965690016746521,-0.09727369993925],[0.577677011489868,0.223132997751236,0.785175979137421],[-0.00000000372529,0.0416882000863552,-0.0000000745058]],[[1,-0,0.0000000000000000223616003243421],[0.0000000000000000774903988979758,0.835084021091461,-0.5501229763031],[0.0000000000000000242702004738,0.550122976303101,0.8350830078125],[-0,0.225503996014595,-0.00000000093132]],[[0.999804019927979,0.0175606999546289,-0.00912861991674],[-0.0138670001179,0.950643002986908,0.309976011514664],[0.0141214998438954,-0.30978798866272,0.950700998306274],[0.00291000003926456,0.0415233001112938,0.0187439005821943]],[[-0.08052910119295,0.472723990678787,0.877523005008698],[-0.90329802036285,-0.40680199861526,0.136251002550125],[0.421386986970901,-0.78169298171997,0.459769994020462],[-0.06599500030279,0.181196004152298,0.0175225008279085]],[[0.775987982749939,0.32149600982666,-0.5426629781723],[-0.11109299957752,0.916562020778656,0.384151011705399],[0.620886981487274,-0.23781099915504,0.746957004070282],[0.0000000279397003311033,0.143092006444931,0.00000000745058015283462]],[[0.822190999984741,-0.56529498100281,-0.06665980070829],[0.511709988117218,0.682754993438721,0.521534025669098],[-0.24930800497532,-0.46291100978851,0.850621998310089],[-0.0000000400469,0.263862997293472,0.0000000447035013451114]],[[0.946389973163605,0.147498995065689,-0.2873860001564],[-0.13082699477673,0.988449990749359,0.0764895007014275],[0.29534900188446,-0.03479110077024,0.954756021499634],[-0.0000000447035,0.293875992298126,0.0000000298022992950564]],[[0.791014015674591,0.205126002430916,-0.57638597488403],[-0.02389319986105,0.951756000518799,0.305923014879227],[0.611330986022949,-0.22821800410748,0.757754027843475],[0.026290500536561,0.114332996308804,0.0343140996992588]],[[0.871993005275726,0.144603997468948,-0.46767300367355],[-0.20337900519371,0.976033985614777,-0.07741790264845],[0.445270001888275,0.162623003125191,0.880504012107849],[0.00000000372529007641731,0.0296439994126558,0]],[[0.96722400188446,0.079566702246666,-0.24113599956036],[-0.09986550360918,0.992308974266052,-0.07314360141754],[0.233462005853653,0.0948275029659271,0.96773099899292],[0.0000000102445003591356,0.0264315009117126,-0.0000000651926]],[[0.826250970363617,0.242377996444702,-0.50849002599716],[-0.22288399934769,0.969696998596191,0.100051000714302],[0.517332017421722,0.0306672994047403,0.855234980583191],[0.0159575995057821,0.116772003471851,0.0058996002189815]],[[0.966872990131378,0.107661001384258,-0.23144300282001],[-0.09702859818935,0.993655025959015,0.0568770989775658],[0.236098006367683,-0.03253630176187,0.971184015274048],[-0.000000149012,0.0381409004330635,0.0000000298022992950564]],[[0.969371020793915,0.103281997144222,-0.22282999753952],[-0.12046000361443,0.990594983100891,-0.06489489972591],[0.214031994342804,0.0897494032979012,0.972694993019104],[0.0000000447035013451114,0.0315711013972759,-0.0000000298023]],[[0.827015995979309,0.305828005075455,-0.47171398997307],[-0.40164399147034,0.908528983592987,-0.11513800173998],[0.393353998661041,0.284680992364883,0.874202013015747],[-0.01238249987364,0.104093000292778,-0.02984379976988]],[[0.955555975437164,0.163963004946709,-0.24500900506973],[-0.15167999267578,0.986064970493317,0.068324401974678],[0.252797991037369,-0.02812479995191,0.967109978199005],[0.00000000745058015283462,0.0244283992797136,-0.0000000745058]],[[0.999891996383667,-0.00616382015869,0.0133346999064088],[0.00641896994784474,0.999795019626617,-0.01917739957571],[-0.01321369968355,0.0192610006779432,0.999727010726929],[0.0000000558794006622065,0.0178344007581472,-0.000000141561]],[[0.897136986255646,0.234494999051094,-0.37437599897385],[-0.27790299057961,0.958361983299255,-0.06567150354385],[0.343387991189957,0.16295699775219,0.924948990345001],[0.00455411011353135,0.112561002373695,-0.01401059981436]],[[0.958513021469116,0.136345997452736,-0.2503260076046],[-0.11526300013065,0.988577008247375,0.0971015989780426],[0.260706007480621,-0.0642196983099,0.963280022144318],[0.000000111759000276379,0.0336653999984264,0.0000000596045985901128]],[[0.983496010303497,0.0949333980679512,-0.15402600169182],[-0.10801500082016,0.991014003753662,-0.07889810204506],[0.145152002573013,0.0942331030964851,0.984911978244781],[0.0000000707805014599217,0.028464000672102,-0.0000000149012]],[[-0.49811899662018,0.760834991931915,-0.4159420132637],[-0.20684699714184,0.361577987670898,0.909107029438019],[0.842076003551483,0.538879990577698,-0.02273239940405],[0.0159319993108511,0.0397203005850315,0.0283778999000788]],[[0.871001005172729,-0.3452380001545,0.34952700138092],[0.249430000782013,0.923699021339417,0.290800005197525],[-0.42325299978256,-0.16610400378704,0.890654981136322],[-0.0000000949949,0.035130001604557,0.0000000447035013451114]],[[0.762355983257294,-0.08448760211468,0.641619026660919],[0.221342995762825,0.965690016746521,-0.13583299517632],[-0.60812801122665,0.245571002364159,0.754900991916656],[0.0000000186264994539442,0.0416880995035172,0.000000104308000459241]]],"$md-$as-$fe-$yn":[[[0.998804986476898,0.0341252982616425,-0.03498319908977],[-0.03545260056853,0.998646974563599,-0.03804989904165],[0.0336374007165432,0.0392445996403694,0.998663008213043],[0.00409500021487474,0.809413015842438,0.0235549993813038]],[[-0.98913198709488,-0.07459589838982,-0.12676399946213],[0.0689233988523483,-0.99643898010254,0.0485621988773346],[-0.1299349963665,0.0392972007393837,0.99074798822403],[0.0826094970107079,-0.0468520000577,-0.00599827989936]],[[0.998894989490509,-0.0450953990221,-0.01325539965183],[0.0430939011275768,0.991244971752167,-0.12480299919844],[0.018767399713397,0.124094001948833,0.992093026638031],[-0.000000027474,0.34723100066185,0.00000000279396994429248]],[[0.926394999027252,0.374013006687164,-0.04366479814053],[-0.07173539698124,0.289128005504608,0.954599022865295],[0.369657009840012,-0.88120299577713,0.29467698931694],[-0.000000033062,0.356884002685547,-0.00000000209548]],[[-0.93451601266861,-0.07859619706869,-0.34713500738144],[-0.08999239653349,0.995800971984863,0.0168037004768848],[0.344356000423431,0.046942800283432,-0.93766498565674],[-0.0000000111759,0.122469998896122,0.00000000325962989933259]],[[-0.98764497041702,0.144760996103287,0.060164500027895],[-0.14242500066757,-0.98893797397614,0.0414443984627724],[0.0654978975653648,0.0323631018400192,0.997327983379364],[-0.0933101028204,-0.04060779884458,-0.01192279998213]],[[0.998894989490509,0.0450940988957882,0.0132753998041153],[-0.04309010133147,0.991244971752167,-0.12480399757624],[-0.01878710091114,0.124094001948833,0.992093026638031],[0.0000000176951004959847,0.34723100066185,0.00000000186265003421227]],[[0.716811001300812,-0.68044698238373,0.152233004570007],[0.0717255994677544,0.289126992225647,0.954599976539612],[-0.69356900453568,-0.67334800958633,0.256054997444153],[-0.000000013737,0.356884002685547,0.00000000302679992181254]],[[0.844762980937958,-0.08590999990702,-0.52819901704788],[0.0896371006965637,0.995800971984863,-0.01860499940813],[0.52758002281189,-0.03162939846516,0.848915994167328],[0.0000000111759002052736,0.122469998896122,-0.00000000186265]],[[0.998677015304565,-0.03534829989076,0.0373537987470627],[0.0363606996834278,0.998979985713959,-0.02678019925952],[-0.03636899963021,0.0281029995530844,0.998942971229553],[0.00000000343424999549313,0.115506000816822,0.00000000558793988858497]],[[0.999993026256561,-0.00000000525324,-0.00371998990886],[0.000247963005676866,0.997775971889496,0.0666552037000656],[0.00371171999722719,-0.06665570288897,0.997768998146057],[-0.0000000000111,0.0958693027496338,0.00000000093319096894362]],[[1,-0.0000000000291,-0.00000000116415],[-0.00000000009763,0.99407297372818,-0.10871600359678],[0.00000000116041998232674,0.108716003596783,0.99407297372818],[0.0000000000000000208166999096952,0.111175000667572,0.000000000291037999256005]],[[-0.13631699979305,-0.1952919960022,-0.97122502326965],[0.853029012680054,-0.52165198326111,-0.01483459956944],[-0.50374400615692,-0.83050602674484,0.237700000405312],[0.0585049986839294,0.1058119982481,0.0142759000882506]],[[0.851745009422302,-0.22286200523376,0.474197000265121],[0.110445998609066,0.961063027381897,0.253297001123428],[-0.51218301057816,-0.16337099671364,0.843195021152496],[0.0000000111759002052736,0.100268997251987,0.000000101979999556079]],[[0.910502970218658,0.395144999027252,0.121840000152588],[-0.40361401438713,0.78522002696991,0.469601005315781],[0.0898891985416412,-0.47674998641014,0.874431014060974],[-0.0000000223517,0.219018995761871,-0.000000031665]],[[0.995333015918732,-0.09474439918995,0.0183100998401642],[0.0938268974423409,0.994536995887756,0.04575290158391],[-0.02254489995539,-0.0438213981688,0.998785018920898],[0,0.197671994566917,-0.00000000745058]],[[0.672797024250031,-0.26275300979614,0.69159597158432],[0.00182338000740856,0.935393989086151,0.35360398888588],[-0.73982501029968,-0.23664200305939,0.629809021949768],[-0.02195809967816,0.0834492966532707,0.0266277007758617]],[[0.895648002624512,-0.14925099909306,0.418974012136459],[0.203604996204376,0.975099980831146,-0.08788959681988],[-0.39542400836945,0.164022997021675,0.903734982013702],[0.0000000186264994539442,0.021942600607872,-0.0000000298023]],[[0.966926991939545,-0.09025710076094,0.238548994064331],[0.111395999789238,0.990815997123718,-0.07664520293474],[-0.2294410020113,0.100684002041817,0.968101024627686],[-0.00000000745058,0.0195812992751598,-0.0000000521541]],[[0.725809991359711,-0.28278398513794,0.627081990242004],[0.219945996999741,0.959143996238708,0.177954003214836],[-0.65178501605988,0.00876322016119957,0.758354008197784],[-0.0117717999965,0.085623100399971,0.0064921798184514]],[[0.969844996929169,-0.11264300346375,0.216131001710892],[0.103662997484207,0.993227005004883,0.0524809993803501],[-0.22057899832726,-0.02849349938333,0.97495299577713],[0.0000000447035013451114,0.02894870005548,-0.0000000447035]],[[0.970858991146088,-0.10900399833918,0.213424995541573],[0.126609995961189,0.989436984062195,-0.07060059905052],[-0.20347499847412,0.0955647975206375,0.974404990673065],[0.0000000372528994319055,0.0236281994730234,0.0000000149012002736981]],[[0.762727022171021,-0.32377400994301,0.559836983680725],[0.411792993545532,0.910628974437714,-0.03438130021095],[-0.4986720085144,0.256760001182556,0.827889025211334],[0.0123608000576496,0.077574796974659,-0.01683600060642]],[[0.944727003574371,-0.19592399895191,0.262876987457275],[0.184489995241165,0.980495989322662,0.0677530020475388],[-0.27102500200272,-0.01550989970565,0.962446987628937],[-0.0000000186265,0.0182600002735853,0]],[[0.996545016765594,0.0468874014914036,-0.06855279952288],[-0.04822190105915,0.998676002025604,-0.01794240064919],[0.0676207020878792,0.021186200901866,0.997485995292664],[0.00000000372529007641731,0.0132697001099586,-0.00000000745058]],[[0.790984988212585,-0.2793909907341,0.544318974018097],[0.314195990562439,0.948868989944458,0.0304629001766443],[-0.52499902248383,0.146926999092102,0.838325023651123],[-0.00164455000777,0.083254799246788,-0.00695041986182]],[[0.971427023410797,-0.12208300083876,0.203531995415688],[0.106311000883579,0.990541994571686,0.0867400020360947],[-0.21219700574875,-0.0626237988472,0.975217998027802],[-0.0000000633299,0.0251406002789736,-0.0000000149012]],[[0.993238985538483,-0.06755749881268,0.0944036990404129],[0.0749531984329224,0.994199991226196,-0.07712370157242],[-0.08864589780569,0.08367820084095,0.992542028427124],[0.0000000335275984753025,0.0212050992995501,0.0000000149012002736981]],[[-0.26110398769379,-0.90765297412872,0.328621000051498],[0.11557500064373,0.30858701467514,0.944149017333984],[-0.95836699008942,0.284500986337662,0.0243285000324249],[-0.01422649994493,0.0280297007411718,0.0204252004623413]],[[0.937363982200623,0.341942995786667,-0.06651470065117],[-0.32194301486015,0.923289000988007,0.209499001502991],[0.133048996329308,-0.17496199905872,0.975543975830078],[-0.0000000707805,0.0263542998582125,0]],[[0.822664976119995,0.122289001941681,-0.55521899461746],[-0.23787699639797,0.96103698015213,-0.1407900005579],[0.516368985176086,0.247896999120712,0.819701015949249],[0.0000000107101998381154,0.0306710004806519,0.000000104308000459241]],[[1,-0,-0],[0.000000000000000172714001646982,0.959563970565796,0.281489014625549],[0.00000000000000042356300749969,-0.28148901462555,0.959563970565796],[-0,0.134332001209259,-0.00000000116415]],[[0.999994993209839,0.00179315998684615,-0.00266168010421],[-0.00230425992049,0.978434026241302,-0.20654599368572],[0.00223390990868211,0.206551000475883,0.978433012962341],[0.000410000007832423,0.0562320984899998,0.0166822001338005]],[[-0.11905500292778,0.198594003915787,0.972823977470398],[-0.85289597511292,-0.522077023983,0.00220015994273126],[0.50832599401474,-0.82945501804352,0.231536000967026],[-0.04844500124454,0.112020999193192,0.0125417998060584]],[[0.847254991531372,0.23403699696064,-0.47685000300407],[-0.12465400248766,0.960240006446838,0.249801993370056],[0.516353011131287,-0.15220400691032,0.842742025852203],[0.00000000372529007641731,0.112080000340939,0.0000000130385000574051]],[[0.909775972366333,-0.3960930109024,-0.12416800111532],[0.405708998441696,0.78522002696991,0.467792004346848],[-0.08779030293226,-0.47596201300621,0.87507301568985],[0.0000000465661003090645,0.219018995761871,0.00000000558793988858497]],[[0.964879989624023,0.121232002973557,-0.23304599523544],[-0.10181900113821,0.990386009216309,0.0936440005898476],[0.242157995700836,-0.0666266977787,0.967947006225586],[-0.000000119209,0.197671994566917,-0.0000000819564]],[[0.810096025466919,0.223287001252174,-0.54211401939392],[-0.05942599847913,0.951148986816406,0.302958995103836],[0.583278000354767,-0.21321000158787,0.78379100561142],[0.0173550993204117,0.0844125002622604,0.0269869994372129]],[[0.895690023899078,0.149177998304367,-0.41890999674797],[-0.20355899631977,0.975099980831146,-0.08799560368061],[0.395352989435196,0.164089992642403,0.903753995895386],[0.0000000484287987490006,0.021942600607872,0.0000000298022992950564]],[[0.9668869972229,0.0901931971311569,-0.23873400688171],[-0.11136200278997,0.990815997123718,-0.07669480144978],[0.229624003171921,0.100740998983383,0.96805202960968],[-0.00000000232831,0.0195812992751598,0.0000000726432034525715]],[[0.848021984100342,0.245699003338814,-0.46956399083138],[-0.23431499302387,0.968557000160217,0.083629697561264],[0.475347012281418,0.039105799049139,0.878929018974304],[0.0117667997255921,0.0857205018401146,0.00505563989281654]],[[0.96983402967453,0.11268600076437,-0.21615900099277],[-0.10374099761248,0.993227005004883,0.0523268990218639],[0.220590993762016,-0.02832389995456,0.974955022335052],[0.00000000745058015283462,0.0289488006383181,-0.0000000149012]],[[0.970878005027771,0.108860999345779,-0.21341100335121],[-0.12650300562382,0.989436984062195,-0.07079090178013],[0.203449994325638,0.0957264974713326,0.974394023418427],[-0.0000000670552,0.0236281994730234,-0.00000000745058]],[[0.871129989624023,0.289528012275696,-0.39661899209023],[-0.37708300352097,0.911791026592255,-0.16262300312519],[0.314550012350082,0.291224002838135,0.903464019298553],[-0.00695489021018,0.0767977014183998,-0.02253499999642]],[[0.94472599029541,0.195925995707512,-0.2628790140152],[-0.18449600040913,0.980495989322662,0.0677364021539688],[0.271023005247116,-0.01549219992012,0.962448000907898],[-0.0000000372529,0.0182601995766163,0]],[[0.996544003486633,-0.0468888990581,0.0685727000236511],[0.0482234992086887,0.998674988746643,-0.0179379992187],[-0.06764079630375,0.0211829002946615,0.997484982013702],[-0.0000000204891,0.0132697001099586,-0.00000000745058]],[[0.895433008670807,0.246168002486229,-0.37094700336456],[-0.29493299126625,0.952157020568848,-0.08007310330868],[0.333487987518311,0.181105002760887,0.925194978713989],[0.00471301004290581,0.0828100964426994,-0.01013140007854]],[[0.971481025218964,0.121909998357296,-0.20337599515915],[-0.10608600080013,0.990541994571686,0.0870155021548271],[0.212061002850533,-0.0629585981369,0.975225985050201],[0.0000000372528994319055,0.0251406002789736,0.0000000149012002736981]],[[0.99322098493576,0.0677845031023026,-0.09443510323763],[-0.07516460120678,0.994199991226196,-0.07691760361195],[0.0886735990643501,0.0834944024682045,0.992555022239685],[0.0000000521540997056036,0.0212050992995501,-0.0000000968575]],[[-0.28078600764275,0.852617979049683,-0.44068399071693],[-0.30929198861122,0.354277998209,0.882511019706726],[0.908568978309631,0.384095996618271,0.16423200070858],[0.010058400221169,0.0288356002420187,0.021739000454545]],[[0.867549002170563,-0.36621001362801,0.33652600646019],[0.29373100399971,0.923289000988007,0.247505992650986],[-0.40134999155998,-0.11587599664927,0.908565998077393],[0.0000000409782003885084,0.0263542998582125,0.0000000298022992950564]],[[0.807977020740509,-0.0690691024065,0.585151970386505],[0.211255997419357,0.96103698015213,-0.17826500535011],[-0.55004101991653,0.267650991678238,0.791086971759796],[-0.0000000465661,0.0306710004806519,0.0000000819564007770168]]],"basis":[[[0.999900996685028,0.0103713003918529,-0.00954126007855],[-0.0100108999759,0.999261975288391,0.0370723009109497],[0.00991871021687984,-0.03697310015559,0.999266982078552],[0.00109499995596707,0.911363005638123,0.0261049997061491]],[[-0.98856198787689,-0.11104399710894,-0.10206399857998],[0.102594003081322,-0.9911180138588,0.0846178010106087],[-0.11055299639702,0.0731787011027336,0.991173028945923],[0.108924001455307,-0.04657769948244,-0.01105209998786]],[[0.994975984096527,0.0221241004765034,-0.09763500094414],[-0.03544219955802,0.989956021308899,-0.13685899972916],[0.0936264991760254,0.139632001519203,0.985767006874084],[-0.0000000144355,0.42127799987793,-0.00000000372529]],[[0.992268025875092,0.110363997519016,0.056776400655508],[-0.08555790036917,0.276867985725403,0.957091987133026],[0.0899088978767395,-0.95454901456833,0.284168988466263],[0.0000000214058992753507,0.381731986999512,0]],[[0.813777029514313,-0.03035449981689,0.580384016036987],[-0.19814300537109,0.924314022064209,0.326164990663528],[-0.54635798931122,-0.3804250061512,0.746170997619629],[0.00000000186265003421227,0.150140002369881,-0.00000000809086]],[[-0.98795700073242,0.130831003189087,0.0824363008141518],[-0.12407600134611,-0.98884797096252,0.0823690965771675],[0.0922940969467163,0.0711494013667107,0.993179976940155],[-0.11178400367498,-0.04436799883842,-0.01324140001088]],[[0.99497401714325,-0.02212589979172,0.097654901444912],[0.0354468002915382,0.989956021308899,-0.13685999810696],[-0.0936459004879,0.139632999897003,0.985764980316162],[0.00000000488943996401758,0.42127799987793,0.00000000186265003421227]],[[0.88391900062561,-0.4643560051918,0.0553184002637863],[0.0855482965707779,0.276861995458603,0.957094013690948],[-0.45974799990654,-0.84126102924347,0.284449011087418],[0.0000000195141005576716,0.381733000278473,-0.00000000104774]],[[-0.66906499862671,0.040387999266386,0.742106020450592],[0.307099014520645,0.924314022064209,0.226568996906281],[-0.67678898572922,0.379489004611969,-0.63082897663116],[0.00000000838189961882563,0.150141000747681,0.0000000102445003591356]],[[0.999855995178223,-0.01010319963098,0.0136372996494174],[0.00976101960986853,0.999642014503479,0.0249304007738829],[-0.01388430036604,-0.02479369938374,0.999595999717712],[-0.00000000052387,0.109380997717381,-0.00000000093132]],[[0.999993026256561,0.00000000110594999824798,-0.00371998990886],[-0.00143903004937,0.922147989273071,-0.38683500885963],[0.00343038002029061,0.386837989091873,0.922141015529633],[0.0000000000161533997983243,0.104560002684593,0.00000000372490993605368]],[[1,-0.00000000023283,0.0000000000000000173472000181823],[0.00000000021219000168049,0.911350011825562,0.411632001399994],[-0.00000000009584,-0.41163200139999,0.911350011825562],[-0,0.13297900557518,0.0000000298022992950564]],[[-0.28521400690079,-0.12132100015879,-0.95075500011444],[0.90864497423172,-0.34987100958824,-0.22793599963188],[-0.30498799681664,-0.92890900373459,0.210025995969772],[0.0665049999952316,0.132263004779816,0.0388829000294209]],[[0.784236013889313,-0.22835899889469,0.576910972595215],[-0.14806100726128,0.834069013595581,0.531419992446899],[-0.60253798961639,-0.50217598676682,0.620296001434326],[0.00000000372529007641731,0.111382998526096,0.000000165426001785818]],[[0.778509020805359,0.627016007900238,-0.02783929929137],[-0.5324199795723,0.683243989944458,0.499704986810684],[0.332343995571136,-0.37420299649239,0.86574798822403],[-0.000000026077,0.227614998817444,-0.0000000149012]],[[0.936443984508514,-0.21765400469303,0.27513399720192],[0.195005998015404,0.974892973899841,0.107501998543739],[-0.29162400960922,-0.04701669886708,0.955376982688904],[0.0000000167637992376513,0.226315006613731,-0.0000000521541]],[[0.774812996387482,-0.15861800312996,0.611967980861664],[-0.06323669850826,0.943711996078491,0.324667990207672],[-0.62901902198792,-0.29025599360466,0.721170008182526],[-0.01955609954894,0.0923201963305473,0.032974798232317]],[[0.89205801486969,-0.13679100573063,0.430721998214722],[0.185275003314018,0.980009973049164,-0.07248289883137],[-0.41219601035118,0.144461005926132,0.899568974971771],[-0.0000000111759,0.0251998007297516,0]],[[0.996922016143799,-0.02730510011315,0.0734850987792015],[0.0286711994558573,0.999433994293213,-0.01760019920766],[-0.07296290248632,0.0196528993546963,0.997141003608704],[-0.000000044005,0.0226367004215717,-0.0000000586733]],[[0.940544009208679,-0.07004690170288,0.332372009754181],[0.0492348000407219,0.996285974979401,0.0706416964530945],[-0.3360849916935,-0.05007740110159,0.940499007701874],[-0.00479529984295,0.0953586027026176,0.0134642003104091]],[[0.883516013622284,-0.19962300360203,0.423732995986938],[0.17400099337101,0.979779005050659,0.0987749993801117],[-0.43488299846649,-0.01353960018605,0.900385022163391],[0.000000067055196950605,0.031843401491642,-0.0000000149012]],[[0.999669015407562,0.00633554998785257,-0.0249288007617],[-0.00697046983987,0.99965101480484,-0.02546530030668],[0.0247588008642197,0.0256306007504463,0.999364972114563],[-0.0000000111759,0.0249745007604361,0.00000011920899822826]],[[0.82437801361084,-0.2492949962616,0.508186995983124],[0.304845005273819,0.95200502872467,-0.02750430069864],[-0.47694000601768,0.177591994404793,0.86080801486969],[0.0168290007859468,0.0856121033430099,-0.01872860081494]],[[0.968050003051758,-0.13615199923515,0.210574001073837],[0.135762006044388,0.990606009960175,0.0163755994290113],[-0.21082599461079,0.0127357002347708,0.977441012859344],[0.0000000521540997056036,0.0215191002935171,-0.0000000298023]],[[0.999432027339935,-0.02178449928761,0.0257274005562067],[0.0226015001535416,0.999234974384308,-0.03190210089087],[-0.02501280046999,0.032465398311615,0.99915999174118],[0.0000000335275984753025,0.0142034003511071,-0.0000000521541]],[[0.961043000221252,-0.10804200172424,0.254406988620758],[0.130200996994972,0.988878011703491,-0.0718877017498],[-0.24381099641323,0.102210998535156,0.964421987533569],[0.00482292007654905,0.0917998999357224,-0.00377322989516]],[[0.900434017181396,-0.21170000731945,0.380001991987228],[0.174033999443054,0.975943982601166,0.131319001317024],[-0.39866098761559,-0.05211079865694,0.915616989135742],[0.000000067055196950605,0.0281658004969358,0.0000000298022992950564]],[[0.999141991138458,0.00808533001691103,-0.04061879962683],[-0.01024650037289,0.998526990413666,-0.05328229814768],[0.0401281006634235,0.0536528006196022,0.997753024101257],[-0.0000000670552,0.0236903000622988,0.0000000745057988638109]],[[-0.20869599282742,-0.82531100511551,0.524697005748749],[-0.15440100431442,0.55758798122406,0.815632998943329],[-0.96571600437164,0.0892055034637451,-0.24379499256611],[-0.00302379997447,0.0292335990816355,0.0302205998450518]],[[0.970844984054565,0.177865996956825,-0.16069599986076],[-0.19789199531078,0.973025977611542,-0.11857199668884],[0.135270997881889,0.146915003657341,0.979856014251709],[0.0000000111759002052736,0.026392700150609,-0.0000000596046]],[[0.993288993835449,0.0465315990149975,-0.10588700324297],[-0.052106898278,0.997363984584808,-0.05050880089402],[0.10325700044632,0.0556872002780437,0.993094027042389],[-0.00000000465661,0.0359245985746384,-0.0000000447035]],[[1,0.0000000000000000142476004073522,-0],[-0,0.977530002593994,-0.2107959985733],[0.00000000000000000183422006877714,0.210795998573303,0.977530002593994],[-0,0.156790003180504,-0.00000000139698]],[[0.999909996986389,-0.0105253001675,0.00829514022916555],[0.00952783972024918,0.993632018566132,0.112269997596741],[-0.0094239898026,-0.11218100041151,0.99364298582077],[-0.00188999995589,0.0556032992899418,0.0293186008930206]],[[-0.09828030318022,0.164379999041557,0.98148900270462],[-0.94558000564575,-0.32284599542618,-0.04061440005898],[0.310193985700607,-0.93206697702408,0.18716399371624],[-0.0575449988246,0.130906999111176,0.0182266999036074]],[[0.715200006961823,0.371217995882034,-0.59218698740005],[-0.00234078988433,0.848556995391846,0.529098987579346],[0.698916018009186,-0.3770250082016,0.607756972312927],[-0.0000000130385,0.11650799959898,0.000000052736101707751]],[[0.777970016002655,-0.62775999307632,0.0260847005993128],[0.534649014472961,0.683245003223419,0.497321009635925],[-0.33002001047134,-0.37295401096344,0.867174983024597],[-0.0000000149012,0.227614998817444,0.0000000204891001942542]],[[0.833384990692139,0.252200990915298,-0.49179700016975],[-0.19762000441551,0.96696799993515,0.160996004939079],[0.516155004501343,-0.03698249906301,0.855696022510529],[-0.0000000931323,0.226315006613731,0.00000000745058015283462]],[[0.90193098783493,0.112992003560066,-0.41683799028397],[0.0132833002135158,0.957454979419708,0.288278013467789],[0.431677013635635,-0.26554399728775,0.862056970596313],[0.0139955002814531,0.093470498919487,0.0325607992708683]],[[0.892098009586334,0.136727005243301,-0.43065801262856],[-0.18523800373077,0.980009973049164,-0.07257899641991],[0.412126004695892,0.144521996378899,0.899591982364655],[-0.0000000186265,0.0251998007297516,0.0000000596045985901128]],[[0.996909022331238,0.027292599901557,-0.07367470115423],[-0.02866340056062,0.999433994293213,-0.01761309988797],[0.0731523036956787,0.0196704007685184,0.997126996517181],[0.0000000258441996692227,0.0226365998387337,0.00000000372529007641731]],[[0.994031012058258,0.0353107005357742,-0.10322300344706],[-0.03417899832129,0.999334990978241,0.0127119002863765],[0.10360299795866,-0.00910801999271,0.994576990604401],[0.00437432015314698,0.0958056971430779,0.0099829901009798]],[[0.883490979671478,0.19964300096035,-0.42377701401711],[-0.17414699494839,0.979779005050659,0.0985165014863014],[0.434875994920731,-0.01323909964412,0.900393009185791],[-0.0000000968575,0.0318434983491898,-0.0000000596046]],[[0.999668002128601,-0.00637366017327,0.0249495003372431],[0.00700885010883212,0.99965101480484,-0.0254545994103],[-0.02477860078216,0.0256210993975401,0.999364972114563],[0.0000000335275984753025,0.024974400177598,0.0000000894070026902227]],[[0.928448975086212,0.207649007439613,-0.30799901485443],[-0.26050499081612,0.955063998699188,-0.14138799905777],[0.264800012111664,0.211506992578506,0.940822005271912],[-0.0092983301729,0.0848684012889862,-0.02596719935536]],[[0.968050003051758,0.136151000857353,-0.21057499945164],[-0.13576400279999,0.990606009960175,0.0163633991032839],[0.210824996232986,0.0127477999776602,0.977441012859344],[-0.0000000670552,0.0215189997106791,-0.0000000298023]],[[0.999432027339935,0.021782299503684,-0.0257073007524],[-0.02259860001504,0.999234974384308,-0.03190410137177],[0.0249927006661892,0.0324668996036053,0.99915999174118],[0.0000000223516991582073,0.0142034003511071,0.0000000149012002736981]],[[0.996812999248505,0.0771413967013359,-0.02033600024879],[-0.07927779853344,0.986320972442627,-0.1445199996233],[0.00890935957431793,0.145670995116234,0.989292979240417],[-0.00099234294612,0.0915696024894714,-0.00887326989323]],[[0.900542020797729,0.211556002497673,-0.37982499599457],[-0.17369200289249,0.975943982601166,0.131769999861717],[0.398564994335175,-0.05269189924002,0.915624976158142],[-0.00000013411,0.0281658004969358,-0.0000000111759]],[[0.999144017696381,-0.00793952960521,0.0405851006507874],[0.0101001001894474,0.998526990413666,-0.05331009998918],[-0.04010210186243,0.0536743998527527,0.997753024101257],[0.0000000409782003885084,0.0236903000622988,-0.0000000298023]],[[-0.17563700675964,0.788465023040771,-0.5894690155983],[-0.02621760033071,0.594819009304047,0.803431987762451],[0.984106004238129,0.156567007303238,-0.083800598979],[-0.00332899997011,0.0306521002203226,0.0287471003830433]],[[0.888438999652863,-0.15105900168419,0.43342399597168],[0.210972994565964,0.973025977611542,-0.09333120286465],[-0.40763500332832,0.174360007047653,0.896344006061554],[-0.0000000335276,0.026392700150609,-0.0000000521541]],[[0.98889297246933,-0.03417449817061,0.144644007086754],[0.0430159009993076,0.997363984584808,-0.05844559893012],[-0.14226500689983,0.0640183985233307,0.987756013870239],[0.0000000298022992950564,0.0359245017170906,-0.000000119209]]]}
